6.406913077989883697e-06
7.015731068349850925e-06
7.682402446334890678e-06
8.412423571280668789e-06
9.211815663547895857e-06
1.008717007225641172e-05
1.104570516581588836e-05
1.209532566936104514e-05
1.324468567254370888e-05
1.450326448357372901e-05
1.588143942462920738e-05
1.739057514387240934e-05
1.904311782127479104e-05
2.085269426825107011e-05
2.283422448526835151e-05
2.500404890088247847e-05
2.738006417494034429e-05
2.998185777832986510e-05
3.283088906391640243e-05
3.595065076224273113e-05
3.936686718079727222e-05
4.310770953161409185e-05
4.720402838720474102e-05
5.168960081791737612e-05
5.660141423286404289e-05
6.197996979608433701e-05
6.786962988699087019e-05
7.431895087938756043e-05
8.138111869047861408e-05
8.911437454225960744e-05
9.758248476719017742e-05
1.068552742333849892e-04
1.170092136017046873e-04
1.281280359457014160e-04
1.403034218848915658e-04
1.536357825942104662e-04
1.682350428134668605e-04
1.842216098215430995e-04
2.017272934725042343e-04
2.208964807097799998e-04
2.418872024165466420e-04
2.648725624079816031e-04
2.900421272730454680e-04
3.176034336676820751e-04
3.477837500860914382e-04
3.808319560834206446e-04
4.170205781003460109e-04
4.566480210400186137e-04
5.000410738983191100e-04
5.475575719960033534e-04
5.995893332641571375e-04
6.565654077334329673e-04
7.189556010765954693e-04
7.872745071072131257e-04
8.620854228269308681e-04
9.440052030840888645e-04
1.033709506737068165e-03
1.131937886215746364e-03
1.239500443101860475e-03
1.357284248806536189e-03
1.486260313354432561e-03
1.627492511691525437e-03
1.782145335478708134e-03
1.951493993913754792e-03
2.136934906058013395e-03
2.339997602580115056e-03
2.562356157694011937e-03
2.805844536144286132e-03
3.072470530774444250e-03
3.364432518929242992e-03
3.684138098079711016e-03
4.034224130865186192e-03
4.417576790135353294e-03
4.837357868067920091e-03
5.297028892859816096e-03
5.800379317067563649e-03
6.351561596430838237e-03
6.955119691416621064e-03
7.616031036525964214e-03
8.339746003970503058e-03
9.132231752201914673e-03
1.000002359133213801e-02
1.095027697496116052e-02
1.199082888811826668e-02
1.313026048801839256e-02
1.437796538248658183e-02
1.574423419497907040e-02
1.724033223912119911e-02
1.887859723828732780e-02
2.067253955081105321e-02
2.263695116490125475e-02
2.478803223296999897e-02
2.714351760596036764e-02
2.972283594086766109e-02
3.223784476965665946e-02
3.475285359844565436e-02
3.726786242723464926e-02
3.978287376165389605e-02
4.229788008481263906e-02
4.481289141923189279e-02
4.732790275365113958e-02
4.984290907680988258e-02
5.235792041122912938e-02
5.487292673438787238e-02
5.738793806880712611e-02
5.990294439196586218e-02
6.241795572638511591e-02
6.644519509971141824e-02
7.047243447303772057e-02
7.449967384636402290e-02
7.852691321969032523e-02
8.255415259301662756e-02
8.658139196634291601e-02
9.060863133966921834e-02
9.463587071299552067e-02
9.866311008632182300e-02
1.026903494596481253e-01
1.067175888329744277e-01
1.107448282063007300e-01
1.147720675796270323e-01
1.187993069529533346e-01
1.228265463262796370e-01
1.268537856996059254e-01
1.308810250729322278e-01
1.349082644462585301e-01
1.389355038195848324e-01
1.429627431929111347e-01
1.469899825662374371e-01
1.510172219395637394e-01
1.550444613128900417e-01
1.590717006862163441e-01
1.630989400595426464e-01
1.671261794328689487e-01
1.711534288287162586e-01
1.751806581795215534e-01
1.792079075753688633e-01
1.832351369261741580e-01
1.872623863220214679e-01
1.912896156728267627e-01
1.953168650686740726e-01
1.993440944194793674e-01
2.033713438153266773e-01
2.073985731661319720e-01
2.114258225619792819e-01
2.154530519127845767e-01
2.194803013086318866e-01
2.235075306594371813e-01
2.275347800552844912e-01
2.315620094060897860e-01
2.355892588019370959e-01
2.396164881527423907e-01
2.436437375485897006e-01
2.476709668993949676e-01
2.516982162952423052e-01
2.557254456460476000e-01
2.597526950418949099e-01
2.637799243927002046e-01
2.678071737885475145e-01
2.718344031393528093e-01
2.758616525352001192e-01
2.798888818860054140e-01
2.839161312818527239e-01
2.879433606326580186e-01
2.919706100285053285e-01
2.959978393793106233e-01
3.000250887751579332e-01
3.040523181259631724e-01
3.080795675218105378e-01
3.121067968726157771e-01
3.161340462684631425e-01
3.201612756192683817e-01
3.241885250151157472e-01
3.282157543659209864e-01
3.322430037617683518e-01
3.362702331125735911e-01
3.402974624633788858e-01
3.443247118592261957e-01
3.483519612550735611e-01
3.523792106509208710e-01
3.564064199566840951e-01
3.604336693525314050e-01
3.644609187483787149e-01
3.684881681442260803e-01
3.725153774499893045e-01
3.765426268458366144e-01
3.805698762416839243e-01
3.845971256375312897e-01
3.886243349432945138e-01
3.926515843391418237e-01
3.966788337349891336e-01
4.007060831308364990e-01
4.047332924365997231e-01
4.087605418324470330e-01
4.127877912282943429e-01
4.168150406241416528e-01
4.208422499299049324e-01
4.248694993257522423e-01
4.288967487215995522e-01
4.329239981174468621e-01
4.369512074232101417e-01
4.409784568190574516e-01
4.450057062149047615e-01
4.490329556107520714e-01
4.530601649165153511e-01
4.570874143123626610e-01
4.611146637082099708e-01
4.651419131040572807e-01
4.858248685598373084e-01
5.074275306344031566e-01
5.507005669355392596e-01
7.456240881443023660e-01
1.009541762065887305e+00
1.366874623775482078e+00
1.850687371015548699e+00
2.505748440313339209e+00
3.392671793746948161e+00
4.593526644229888767e+00
6.219430677795410034e+00
8.420832358360289760e+00
1.140143261032104505e+01
1.543703132743835305e+01
2.090105321044921638e+01
2.829909643936156982e+01
3.831571619796752515e+01
5.187777470397949031e+01
7.024019806823730505e+01
9.510210540161132542e+01
1.287640132598876903e+02
