1.505974226126192832e+02
1.643101461594301611e+02
1.792715573011779213e+02
1.955951751834173535e+02
2.134052125495562677e+02
2.328369128267364090e+02
2.540378450678601325e+02
2.771692115341899125e+02
3.024067544217714385e+02
3.299421126919751259e+02
3.599846034632203100e+02
3.927623340234172247e+02
4.285244234922157034e+02
4.675424849811695367e+02
5.101126707186000999e+02
5.565583253615715194e+02
6.072323472643214473e+02
6.625192766640278705e+02
7.228386320538799055e+02
7.886482681042663216e+02
8.604475114510142930e+02
9.387807857593546714e+02
1.024241844464532278e+03
1.117478325111051618e+03
1.219196182335313551e+03
1.330164998679552809e+03
1.451224277545331688e+03
1.583287992880150796e+03
1.727352427458468355e+03
1.884503754492609460e+03
2.055922799620509068e+03
2.242896417228485006e+03
2.446825212877607100e+03
2.669231633054222129e+03
2.911770050531072684e+03
3.176238637640123216e+03
3.464588867038888111e+03
3.778934730300486081e+03
4.121569395607544720e+03
4.494969007349851381e+03
4.901811228598946400e+03
5.344983887410129682e+03
5.827595517437421222e+03
6.352984075137579566e+03
6.924734699125525367e+03
7.546672908133118653e+03
8.222888637717383972e+03
8.957728228592679443e+03
9.755801900989394198e+03
1.062198018370427053e+04
1.156138340979812165e+04
1.257935866600646841e+04
1.368146243479688565e+04
1.487340976923336893e+04
1.616101113137469110e+04
1.755012672198204018e+04
1.904655111101827060e+04
2.065594772873608235e+04
2.238369218438971802e+04
2.423469849229429747e+04
2.621326305374093863e+04
2.832282034776383443e+04
3.056573438118353442e+04
3.294301836780879967e+04
3.545403720157279895e+04
3.809617596001821948e+04
4.086449464249691664e+04
4.375126990809685958e+04
4.674552705250308645e+04
4.983259335129592364e+04
5.299367920954536385e+04
5.620548736904913676e+04
5.943965154713999073e+04
6.266221478433775337e+04
6.583317446710984223e+04
6.890626512103241112e+04
7.182859214436185721e+04
7.454065530381498684e+04
7.697637072976349737e+04
7.906391890341897670e+04
8.072681052280341100e+04
8.188609864906319126e+04
8.246388324292949983e+04
8.262186824658770638e+04
8.187527809001434071e+04
8.038060361935173569e+04
7.794977637648662494e+04
7.494184254059256637e+04
7.141329680261189060e+04
6.727140049271754106e+04
6.273882947017977858e+04
5.818165125528119097e+04
5.377611618757246470e+04
4.973516480431022501e+04
4.654277441018512764e+04
4.397010277225018945e+04
4.181762563511887129e+04
3.995196207380682608e+04
3.819110011032906914e+04
3.639777148145576211e+04
3.451633895075612963e+04
3.255193333871091454e+04
3.064760121027638525e+04
2.862441890854870871e+04
2.662916370427073707e+04
2.474301428597601625e+04
2.304631482817551660e+04
2.082305710918888872e+04
1.916776520072080530e+04
1.794365515818574931e+04
1.699938423141939347e+04
1.615414974359625921e+04
1.525300824210119026e+04
1.424818047896738426e+04
1.318129451496969159e+04
1.212468878787796348e+04
1.115590966513390413e+04
1.033879284033978365e+04
9.695668719782077460e+03
9.200574270933890148e+03
8.799710690841371616e+03
8.436733758675260106e+03
8.069095317022461131e+03
7.674525549076513016e+03
7.252562893212403651e+03
6.823511652656206934e+03
6.416057517104417457e+03
6.050710810261566621e+03
5.736635207740057922e+03
5.474843062013083909e+03
5.254929201342675697e+03
5.057906379244217533e+03
4.867841325274062001e+03
4.675974516100201981e+03
4.478612764389007680e+03
4.278131695708994812e+03
4.081904842100645965e+03
3.897388130228654973e+03
3.729406949568334767e+03
3.579645078090765310e+03
3.446540870494344745e+03
3.326163822720131520e+03
3.213441155428132333e+03
3.103836564169538178e+03
2.995102828007566586e+03
2.887162953585137984e+03
2.781016303165339195e+03
2.678516278440629321e+03
2.581746609867503594e+03
2.491770221808174028e+03
2.408524491018294611e+03
2.331363861471872042e+03
2.259051828075210778e+03
2.189986738678505390e+03
2.122987924571333224e+03
2.057577167811498839e+03
1.993698079399481003e+03
1.931666685027950734e+03
1.872015366585154197e+03
1.815193296588546445e+03
1.761350577268103507e+03
1.710402684788421311e+03
1.662091102923597418e+03
1.615998010271003068e+03
1.571652413788481908e+03
1.528712687056232880e+03
1.487048099334487461e+03
1.446642616067525523e+03
1.407530037243933293e+03
1.369827085607128311e+03
1.333647241747189810e+03
1.298968628402222066e+03
1.265701542402343875e+03
1.233775852028907366e+03
1.203062168345789587e+03
1.173376065946028803e+03
1.144610926604135557e+03
1.116744523457846299e+03
1.089742997439279407e+03
1.063577820393311868e+03
1.038273727674456040e+03
1.013854826431127094e+03
9.902802073848699820e+02
9.674972332620002362e+02
9.454831882980441833e+02
9.241975636709128139e+02
9.035619933650184521e+02
8.835284262546970240e+02
8.640957911823174982e+02
8.452451690434410239e+02
8.269389956760917357e+02
8.091754645285283232e+02
7.919646504297874117e+02
7.752768034319321941e+02
7.590750475814080573e+02
7.433539184852339758e+02
7.281019291956979487e+02
7.132778079904065862e+02
6.988554241165530811e+02
6.848385212414925718e+02
6.712151477781598032e+02
6.579561382076698237e+02
6.450554544357004261e+02
6.325176860445212697e+02
6.203248061889975133e+02
6.084516647432981244e+02
5.968958743725019076e+02
5.421569204128010142e+02
4.921799232729590585e+02
4.097954051582809143e+02
2.050952969080223909e+02
1.006713073271327659e+02
4.858505439528138936e+01
2.310417345640226472e+01
1.084576467111654452e+01
5.033594101805558552e+00
2.312630038754971196e+00
1.052993191480682489e+00
4.755906593665169546e-01
2.132353313023076791e-01
9.496373587267346872e-02
4.202364717365066060e-02
1.848081881697246492e-02
8.074289792478426750e-03
3.501214262525766206e-03
1.503659830985471695e-03
6.370735575150617220e-04
2.645299245205477929e-04
