2.006477500530818856e-15
2.874441271985059202e-15
4.117871712345399910e-15
5.899181949552840692e-15
8.451056366860862499e-15
1.210682098700706764e-14
1.734399019464104028e-14
2.484665583275578508e-14
3.559481285232217234e-14
5.099238329444652878e-14
7.305059752795972790e-14
1.046506492493402559e-13
1.499201477545042951e-13
2.147721018426108296e-13
3.076770968639508460e-13
4.407699327317154538e-13
6.314348424274672815e-13
9.045746173117716100e-13
1.295864358497623586e-12
1.856409924189438246e-12
2.659421691385471463e-12
3.809774710948511009e-12
5.457703801550692867e-12
7.818418293851043005e-12
1.120019800819430190e-11
1.604463551021009145e-11
2.298429761994848833e-11
3.292523536367305693e-11
4.716525427296446849e-11
6.756325367061924079e-11
9.678157359214103901e-11
1.386332376246286033e-10
1.985790311713353586e-10
2.844389251747701533e-10
4.074104115518943392e-10
5.835264068503197558e-10
8.357403170073619039e-10
1.196909651509778168e-09
1.714063317377416710e-09
2.454501777904688044e-09
3.514515930514420980e-09
5.031848748249110690e-09
7.203489122918642393e-09
1.031106661635506656e-08
1.475710802909836511e-08
2.111669446554338791e-08
3.021114084558337937e-08
4.321284707966760321e-08
6.179456360931772470e-08
8.834156994790360894e-08
1.262530147326455253e-07
1.803693546157346189e-07
2.575781357856470588e-07
3.676709930935329366e-07
5.245533840028103647e-07
7.479519170610342722e-07
1.065815756974245234e-06
1.517690351437823213e-06
2.159444481032303635e-06
3.069872280605619940e-06
4.359894580910129064e-06
6.185342511596514099e-06
8.764647383420509877e-06
1.240324448570636323e-05
1.752709071748844279e-05
2.472850608831300888e-05
3.482850846023335516e-05
4.896116411513819439e-05
6.868683387818687802e-05
9.614334189933758108e-05
1.342462103620804315e-04
1.869515393139584614e-04
2.595965021007652206e-04
3.593359370154073913e-04
4.956921960486459014e-04
6.812368867541781104e-04
9.324147942777516506e-04
1.270507666470129665e-03
1.722716469732293865e-03
2.323309496665558905e-03
3.114718666928082899e-03
4.148427579429494506e-03
5.485413283029472870e-03
7.216271868227539139e-03
9.389513120528512891e-03
1.210357938721478080e-02
1.541167195680913718e-02
1.945501267775929383e-02
2.434212595690330577e-02
3.010802185391209945e-02
3.686892479367927244e-02
4.489339591333556256e-02
5.448263174520540097e-02
6.616137972061532369e-02
7.899880579183310436e-02
9.349731777794476062e-02
1.096561718098403859e-01
1.274373778160024784e-01
1.464158969881099726e-01
1.659410952105290771e-01
1.853731218618480669e-01
2.042006838991512196e-01
2.228506538707165641e-01
2.395969645929219294e-01
2.549703319330118290e-01
2.694432906697319385e-01
2.839228669828582907e-01
3.094606917783208067e-01
3.398596166013404529e-01
3.758757326717251379e-01
4.170220588246241200e-01
4.604379743752205489e-01
5.015329316122721925e-01
5.369556019283473480e-01
5.659729427534017088e-01
5.899364941223235181e-01
6.120179265571753513e-01
6.365728401342906073e-01
6.671421626312813435e-01
7.046830259738886548e-01
7.474469502705312074e-01
7.919929656224985459e-01
8.344597661513587505e-01
8.716695167844106251e-01
9.021472473912798273e-01
9.270815054827572510e-01
9.497452412482452200e-01
9.735087754938068771e-01
1.000937415256712981e+00
1.033738527650510441e+00
1.071558537980350057e+00
1.111717549241488578e+00
1.151171761497791213e+00
1.187679353360860057e+00
1.219753951264513026e+00
1.247371783195638351e+00
1.272211761463978963e+00
1.296568831375451980e+00
1.322465096213124580e+00
1.351230571331087038e+00
1.383132589780500687e+00
1.417369782196646444e+00
1.452305236387505971e+00
1.486083426065383462e+00
1.517539300416306913e+00
1.546422637802333799e+00
1.573078064279402888e+00
1.598482627974123549e+00
1.623999170272314663e+00
1.650610896770283054e+00
1.678693551540223039e+00
1.708228952125550482e+00
1.738688383835413687e+00
1.769099083527394312e+00
1.798620815553830798e+00
1.826865514381295075e+00
1.853765809108878893e+00
1.879615716210069731e+00
1.904990998109690192e+00
1.930488142793779449e+00
1.956469160548920838e+00
1.983073605748244095e+00
2.010232503812362737e+00
2.037644855751788331e+00
2.064868436454722733e+00
2.091552872413187991e+00
2.117581976025308066e+00
2.142990281333596148e+00
2.167891838088287670e+00
2.192551576056578355e+00
2.217265170458103007e+00
2.242135406673454678e+00
2.267147824998806183e+00
2.292313743921533309e+00
2.317520603896086495e+00
2.342521665677189002e+00
2.367187858109416343e+00
2.391546724725851281e+00
2.415600890697946035e+00
2.439361056576255127e+00
2.462964676093333694e+00
2.486559917993755420e+00
2.510146104740921480e+00
2.533684917338516307e+00
2.557210706270963474e+00
2.580704655772167566e+00
2.604031996234370094e+00
2.627125145747031709e+00
2.650050873306409205e+00
2.672822012293997851e+00
2.695389534580489244e+00
2.717814144606607307e+00
2.740204369977402354e+00
2.762533674820176977e+00
2.784742995509573937e+00
2.806880319018090653e+00
2.828974973610763666e+00
2.850934458787482306e+00
2.872715256836905873e+00
2.894391479763106734e+00
2.915977226886339757e+00
2.937405755601407709e+00
2.958706999185552355e+00
2.979960919826066146e+00
3.001146511510843773e+00
3.022199590415947323e+00
3.043163318440477827e+00
3.149448348337695602e+00
3.257738587869136726e+00
3.467240079624687610e+00
4.307107885421396887e+00
5.247456356061091398e+00
6.285777365517321691e+00
7.419247849173414622e+00
8.644558985980022925e+00
9.958042956941062229e+00
1.135573216425790122e+01
1.283357687892769583e+01
1.438694687590120225e+01
1.601060334176887423e+01
1.769780505221018174e+01
1.943875800155526434e+01
2.121823112547248513e+01
2.300940746319731645e+01
2.476469389081958639e+01
2.639836562525331942e+01
2.776068852103049522e+01
2.861070631011875065e+01
